z3 = complex(0.522936,-0.076453)
z4 = complex(0.527288,-1.377175)

real(z3) = 0.523
imag(z3) = -0.076
abs(z3) = 0.528
carg(z3) = -0.145

real(z4) = 0.527
imag(z4) = -1.377
abs(z4) = 1.475
carg(z4) = -1.205