Theta4 = 1.289761 rad = 73.897886 deg
Theta5 = -0.427942 rad = -24.519274 deg
r6 = 0.045322 m